Dist Matrix
0 7 4 9 6 7 7 3 5 9 4 28 
7 0 11 3 7 5 7 5 4 10 6 22 
10 3 0 6 8 8 7 8 7 5 4 25 
4 5 8 0 4 9 10 4 9 8 8 19 
2 9 6 7 0 5 8 5 5 11 6 26 
5 7 9 2 3 0 11 6 8 10 9 21 
3 9 7 4 1 2 0 6 6 12 4 23 
14 17 18 12 12 10 11 0 8 6 15 31 
6 9 10 4 4 2 3 1 0 7 7 23 
8 11 12 6 6 4 5 3 2 0 9 25 
6 11 10 6 4 4 3 6 9 12 0 25 
5 12 9 7 4 5 3 5 9 11 7 0 

Next Matrix
0 2 2 8 4 8 10 7 8 2 10 8 
3 1 3 3 3 5 8 8 8 9 10 3 
1 1 2 1 10 1 10 1 1 9 10 1 
0 1 0 3 4 4 6 7 0 9 0 11 
0 0 0 5 4 5 8 0 8 0 0 5 
4 3 4 3 4 5 4 3 4 3 4 3 
4 5 4 5 4 5 6 4 4 4 10 5 
9 9 9 9 9 9 9 7 9 9 9 9 
6 5 6 5 6 5 6 7 8 7 6 5 
8 5 8 5 8 5 8 8 8 9 8 5 
6 5 6 5 6 5 6 7 6 7 10 5 
0 0 0 6 6 6 6 7 6 7 6 11 
