677 1396
1999 3578
2727 3270
2222 382
4403 4993
3128 3468
4137 420
992 2872
1568 4536
3556 1922
3924 1070
4976 4376
3257 1107
2686 4154
1515 1841
2619 3604
4148 4044
1714 4145
3929 729
3929 4828
2354 1841
2121 382
4368 2874
4009 1099
2904 2419
1849 3532
3427 911
700 4489
731 3848
2153 1828
254 3491
1288 4104
3232 3003
2128 3445
1975 4043
2234 737
1869 3043
2640 2111
3533 4687
4261 12
2340 1660
563 2073
2649 4530
347 3423
669 4058
4946 2339
4924 1160
3156 544
11 416
4798 3114
4955 4299
574 1225
3268 2223
16 252
4082 1137
873 911
2980 3241
3496 2886
4448 4033
1030 94
3927 2160
1385 3477
2038 156
4599 1978
2029 4999
298 799
456 1962
3493 4290
1687 4891
4806 3434
3409 331
3471 4741
2888 1286
1193 2007
4440 4542
2798 3751
456 2096
1078 3673
529 2473
2039 4340
4885 4090
4909 4972
238 2679
1508 1074
221 3634
2936 3088
17 385
2979 3139
1451 1636
3538 3695
749 693
1684 4109
52 1451
2230 1675
766 2487
1686 2797
3445 1091
1701 4474
3176 3477
1545 2874
