Initializer List
( 1 1 1 )  ( 2 2 )  ( 3 3 3 )
( 4 4 )  ( 5 5 5 5 )  ( 6 6 )
( 7 7 7 )  ( 8 8 )  ( 9 )
( 10 10 10 10 )  ( 11 11 )  ( 12 12 12 12 12 )

Copy Constructor
( 1 1 1 )  ( 2 2 )  ( 3 3 3 )
( 4 4 )  ( 5 5 5 5 )  ( 6 6 )
( 7 7 7 )  ( 8 8 )  ( 9 )
( 10 10 10 10 )  ( 11 11 )  ( 12 12 12 12 12 )

Copy Constructor
Times
Move Constructor
Destructor
Move Assignment
Copy Constructor
Destructor
Destructor
( 4 4 4 )  ( 8 8 )  ( 12 12 12 )
( 16 16 )  ( 20 20 20 20 )  ( 24 24 )
( 28 28 28 )  ( 32 32 )  ( 36 )
( 40 40 40 40 )  ( 44 44 )  ( 48 48 48 48 48 )

( 1 1 1 )  ( 2 2 )  ( 3 3 3 )
( 4 4 )  ( 5 5 5 5 )  ( 6 6 )
( 7 7 7 )  ( 8 8 )  ( 9 )

( 1 1 1 ) ( 4 4 ) ( 7 7 7 )
( 2 2 ) ( 5 5 5 5 ) ( 8 8 )
( 3 3 3 ) ( 6 6 ) ( 9 )

( 4 4 4 )  ( 8 8 )
( 16 16 )  ( 20 20 20 20 )
( 28 28 28 )  ( 32 32 )
( 40 40 40 40 )  ( 44 44 )

( 4 4 4 ) ( 16 16 ) ( 28 28 28 ) ( 40 40 40 40 )
( 8 8 ) ( 20 20 20 20 ) ( 32 32 ) ( 44 44 )

Destructor
Destructor