3.0 3.77608 4.24928 3.66671 -1.43722 -4.30586 -4.59369 -5.20718 -1.23857 3.68369 
4.63595 5.72789 3.96828 -1.76908 -4.21606 -5.24821 -5.65697 -0.89495 3.21152 4.18785 
5.75386 3.30959 -1.68667 -3.07326 -4.51637 -4.53664 -0.02171 2.25915 2.82312 4.21995 
1.39137 -1.81784 -1.66191 -2.80492 -1.97143 1.61556 1.59588 1.31099 1.67247 -1.47261 
-2.50398 -0.77047 -0.8944 1.27397 3.71534 1.64736 0.36902 -0.96686 -4.42526 -3.56925 
-0.76529 0.48887 4.13285 5.52848 2.27045 0.27048 -2.85791 -6.43828 -4.40636 -1.40574 
1.05035 5.72618 6.22372 2.85953 0.70711 -3.63074 -6.79682 -4.32993 -2.00008 1.04531 
5.74919 5.33415 2.71929 0.98483 -3.50094 -5.44176 -2.99695 -1.81447 1.07514 4.5569 
3.03822 1.49199 0.4453 -3.06061 -2.98829 -0.65368 -0.50917 1.68098 2.9145 0.11436 
-0.60161 -1.12066 -2.87432 -0.41157 1.93672 1.63878 2.96847 1.55898 -2.41561 -2.844 
-3.29955 -3.11547 1.4321 3.85473 3.84972 4.48226 0.8166 -3.76965 -4.38203 -5.22398 
-3.45329 2.19477 4.4811 5.23086 5.41086 0.48332 -3.76077 -4.66846 -5.99894 -3.25659 
2.13574 3.80158 5.22954 5.01797 0.02471 -2.83826 -3.74031 -5.15963 -2.0 1.88929 
2.39275 3.90511 3.06733 -1.02881 -1.79862 -2.18062 -2.9161 0.3596 2.04223 1.09556 
1.87519 0.00632 -2.72463 -1.32805 -0.78558 -0.05478 3.25702 2.76305 0.55427 -0.02846 
-3.1994 -4.58043 -1.62744 -0.12275 2.44803 5.72816 3.69162 0.87241 -1.20035 -5.50009 
-5.7969 -2.32262 -0.2265 3.89191 6.85505 4.1495 1.57353 -1.55394 -6.24038 -5.67978 
-2.70366 -0.60105 4.14943 6.214 3.54989 1.88743 -1.50749 -5.43331 -4.03895 -2.15545 
-0.53074 3.64332 4.08786 1.77333 1.20385 -1.67732 -3.69278 -1.33957 -0.53749 0.47482 
3.03064 1.32751 -0.70711 -0.5563 -2.45755 -1.87108 1.48722 1.7 2.34994 2.78144 
-1.06523 -3.02865 -2.85737 -3.73004 -0.60517 3.48105 3.72909 4.44566 2.89453 -2.41255 
-4.3642 -4.80074 -4.87648 -0.01925 4.10723 4.76926 5.82985 2.91219 -2.64439 -4.33982 
-5.57662 -5.09591 0.26121 3.48877 4.49033 5.75895 2.22459 -2.24836 -3.21519 -4.87184 
-3.85841 0.80467 2.29409 3.17143 4.06947 0.48852 -1.9261 -1.72692 -3.01525 -1.24504 
1.96145 1.3454 1.52982 1.27944 -2.08269 -2.155 -0.67925 -0.7867 2.01893 3.58621 
1.16278 0.3167 -1.65482 -4.73356 -2.90172 -0.50574 1.0 4.86673 5.05976 1.6921 
-0.0941 -3.79613 -6.49275 -3.6457 -1.04254 1.90841 6.37613 5.60525 2.36187 0.1056 
-4.65426 -6.64496 -3.6954 -1.63758 2.0599 6.18649 4.72566 2.43236 0.29829 -4.36093 
-5.09694 -2.61578 -1.53613 1.98999 4.6311 2.51724 1.44045 -0.16866 -3.50967 -2.43884 
-0.52293 -0.33032 2.26966 2.52201 -0.32211 -0.50825 -1.56118 -2.76309 0.33606 1.92459 
1.77528 3.11267 0.71094 -2.80509 -2.76232 -3.54471 -2.45499 2.30721 3.83939 4.03021 
4.198 -0.33353 -4.1267 -4.45047 -5.30558 -2.41282 3.04794 4.55458 5.50393 4.81617 
-0.70711 -4.04496 -4.93083 -5.95084 -2.09822 2.77325 3.96274 5.5546 4.26531 -0.92178 
-2.96751 -4.11693 -4.9753 -0.98161 2.14514 2.55705 4.14936 2.27997 -1.52526 -1.69941 
-2.50233 -2.54489 1.06752 1.85258 1.15066 1.8665 -0.74874 -2.71233 -0.99123 -0.87368 
0.55764 3.60499 2.2031 0.42752 -0.41621 -3.89318 -4.15466 -1.13367 0.12575 3.29769 
5.7636 2.95193 0.57178 -1.9723 -6.09749 -5.15036 -1.81812 0.33776 4.87128 6.66232 
3.45946 1.18016 -2.56938 -6.66469 -5.01314 -2.33551 0.14537 5.0513 5.8569 3.08402 
1.50661 -2.52055 -5.56873 -3.48318 -2.0 0.21284 4.22117 3.5874 1.58543 0.90515 
-2.42599 -3.43033 -0.92573 -0.56147 1.05643 3.09179 0.68379 -0.69052 -0.77322 -2.75951 
-1.17576 1.80223 1.62185 2.68944 2.26973 -1.82581 -2.95457 -3.05009 -3.54132 0.43428 
3.75437 3.74636 4.54673 1.92159 -3.19975 -4.36863 -5.03153 -4.28883 1.15258 4.35403 
4.97197 5.74117 1.72066 -3.30608 -4.47654 -5.85137 -4.28035 1.29016 3.66347 4.8528 
5.52044 1.09944 -2.61863 -3.43346 -5.10894 -2.98831 1.44761 2.31849 3.55443 3.67995 
-0.34217 -1.89776 -1.90633 -3.06751 -0.43936 2.09574 1.16466 1.74173 0.70711 -2.51294 
-1.73776 -0.69948 -0.51037 2.70708 3.24917 0.79363 0.20356 -2.42463 -4.78492 -2.23177 
-0.31171 1.66271 5.4188 4.42111 1.23159 -0.57432 -4.70613 -6.26605 -2.93642 -0.66987 
2.87677 6.76189 4.88706 1.94783 -0.64981 -5.55084 -6.2504 -3.15003 -1.18729 3.12269 
6.33809 4.10977 2.17551 -0.54565 -5.02316 -4.60268 -2.34399 -1.1162 2.87466 4.45909 
2.08451 1.36575 -0.8979 -3.72557 -1.86363 -0.50241 -0.00012 2.74215 1.96803 -0.59524 
-0.47628 -2.03236 -2.41942 0.98857 1.8229 2.02474 3.06183 -0.19304 -2.99794 -2.75895 
-3.7122 -1.59639 3.0 3.77608 4.24928 3.66671 -1.43722 -4.30586 -4.59369 -5.20718 
-1.23857 3.68369 4.63595 5.72789 3.96828 -1.76908 -4.21606 -5.24821 -5.65697 -0.89495 
3.21152 4.18785 5.75386 3.30959 -1.68667 -3.07326 -4.51637 -4.53664 -0.02171 2.25915 
2.82312 4.21995 1.39137 -1.81784 -1.66191 -2.80492 -1.97143 1.61556 1.59588 1.31099 
1.67247 -1.47261 -2.50398 -0.77047 -0.8944 1.27397 3.71534 1.64736 0.36902 -0.96686 
-4.42526 -3.56925 -0.76529 0.48887 4.13285 5.52848 2.27045 0.27048 -2.85791 -6.43828 
-4.40636 -1.40574 1.05035 5.72618 6.22372 2.85953 0.70711 -3.63074 -6.79682 -4.32993 
-2.00008 1.04531 5.74919 5.33415 2.71929 0.98483 -3.50094 -5.44176 -2.99695 -1.81447 
1.07514 4.5569 3.03822 1.49199 0.4453 -3.06061 -2.98829 -0.65368 -0.50917 1.68098 
2.9145 0.11436 -0.60161 -1.12066 -2.87432 -0.41157 1.93672 1.63878 2.96847 1.55898 
-2.41561 -2.844 -3.29955 -3.11547 1.4321 3.85473 3.84972 4.48226 0.8166 -3.76965 
-4.38203 -5.22398 -3.45329 2.19477 4.4811 5.23086 5.41086 0.48332 -3.76077 -4.66846 
-5.99894 -3.25659 2.13574 3.80158 5.22954 5.01797 0.02471 -2.83826 -3.74031 -5.15963 
-2.0 1.88929 2.39275 3.90511 3.06733 -1.02881 -1.79862 -2.18062 -2.9161 0.3596 
2.04223 1.09556 1.87519 0.00632 -2.72463 -1.32805 -0.78558 -0.05478 3.25702 2.76305 
0.55427 -0.02846 -3.1994 -4.58043 -1.62744 -0.12275 2.44803 5.72816 3.69162 0.87241 
-1.20035 -5.50009 -5.7969 -2.32262 -0.2265 3.89191 6.85505 4.1495 1.57353 -1.55394 
-6.24038 -5.67978 -2.70366 -0.60105 4.14943 6.214 3.54989 1.88743 -1.50749 -5.43331 
-4.03895 -2.15545 -0.53074 3.64332 4.08786 1.77333 1.20385 -1.67732 -3.69278 -1.33957 
-0.53749 0.47482 3.03064 1.32751 -0.70711 -0.5563 -2.45755 -1.87108 1.48722 1.7 
2.34994 2.78144 -1.06523 -3.02865 -2.85737 -3.73004 -0.60517 3.48105 3.72909 4.44566 
2.89453 -2.41255 -4.3642 -4.80074 -4.87648 -0.01925 4.10723 4.76926 5.82985 2.91219 
-2.64439 -4.33982 -5.57662 -5.09591 0.26121 3.48877 4.49033 5.75895 2.22459 -2.24836 
-3.21519 -4.87184 -3.85841 0.80467 2.29409 3.17143 4.06947 0.48852 -1.9261 -1.72692 
-3.01525 -1.24504 1.96145 1.3454 1.52982 1.27944 -2.08269 -2.155 -0.67925 -0.7867 
2.01893 3.58621 1.16278 0.3167 -1.65482 -4.73356 -2.90172 -0.50574 1.0 4.86673 
5.05976 1.6921 -0.0941 -3.79613 -6.49275 -3.6457 -1.04254 1.90841 6.37613 5.60525 
2.36187 0.1056 -4.65426 -6.64496 -3.6954 -1.63758 2.0599 6.18649 4.72566 2.43236 
0.29829 -4.36093 -5.09694 -2.61578 -1.53613 1.98999 4.6311 2.51724 1.44045 -0.16866 
-3.50967 -2.43884 -0.52293 -0.33032 2.26966 2.52201 -0.32211 -0.50825 -1.56118 -2.76309 
0.33606 1.92459 1.77528 3.11267 0.71094 -2.80509 -2.76232 -3.54471 -2.45499 2.30721 
3.83939 4.03021 4.198 -0.33353 -4.1267 -4.45047 -5.30558 -2.41282 3.04794 4.55458 
5.50393 4.81617 -0.70711 -4.04496 -4.93083 -5.95084 -2.09822 2.77325 3.96274 5.5546 
4.26531 -0.92178 -2.96751 -4.11693 -4.9753 -0.98161 2.14514 2.55705 4.14936 2.27997 
-1.52526 -1.69941 -2.50233 -2.54489 1.06752 1.85258 1.15066 1.8665 -0.74874 -2.71233 
-0.99123 -0.87368 0.55764 3.60499 2.2031 0.42752 -0.41621 -3.89318 -4.15466 -1.13367 
0.12575 3.29769 5.7636 2.95193 0.57178 -1.9723 -6.09749 -5.15036 -1.81812 0.33776 
4.87128 6.66232 3.45946 1.18016 -2.56938 -6.66469 -5.01314 -2.33551 0.14537 5.0513 
5.8569 3.08402 1.50661 -2.52055 -5.56873 -3.48318 -2.0 0.21284 4.22117 3.5874 
1.58543 0.90515 -2.42599 -3.43033 -0.92573 -0.56147 1.05643 3.09179 0.68379 -0.69052 
-0.77322 -2.75951 -1.17576 1.80223 1.62185 2.68944 2.26973 -1.82581 -2.95457 -3.05009 
-3.54132 0.43428 3.75437 3.74636 4.54673 1.92159 -3.19975 -4.36863 -5.03153 -4.28883 
1.15258 4.35403 4.97197 5.74117 1.72066 -3.30608 -4.47654 -5.85137 -4.28035 1.29016 
3.66347 4.8528 5.52044 1.09944 -2.61863 -3.43346 -5.10894 -2.98831 1.44761 2.31849 
3.55443 3.67995 -0.34217 -1.89776 -1.90633 -3.06751 -0.43936 2.09574 1.16466 1.74173 
0.70711 -2.51294 -1.73776 -0.69948 -0.51037 2.70708 3.24917 0.79363 0.20356 -2.42463 
-4.78492 -2.23177 -0.31171 1.66271 5.4188 4.42111 1.23159 -0.57432 -4.70613 -6.26605 
-2.93642 -0.66987 2.87677 6.76189 4.88706 1.94783 -0.64981 -5.55084 -6.2504 -3.15003 
-1.18729 3.12269 6.33809 4.10977 2.17551 -0.54565 -5.02316 -4.60268 -2.34399 -1.1162 
2.87466 4.45909 2.08451 1.36575 -0.8979 -3.72557 -1.86363 -0.50241 -0.00012 2.74215 
1.96803 -0.59524 -0.47628 -2.03236 -2.41942 0.98857 1.8229 2.02474 3.06183 -0.19304 
-2.99794 -2.75895 -3.7122 -1.59639 